3
12
31
5
3
1
7
4
19
3
2
3
10
1
2
3
1
2
2
4
6
1
1
2
4
1
2
8
1
3
2
3
2
8
6
22
8
29
3
2
1
1
1
3
4
6
1
4
5
5
3
13
11
2
6
6
14
3
4
1
1
6
2
1
10
7
4
6
5
6
5
6
23
13
5
2
2
2
2
8
2
1
2
24
2
11
2
3
29
3
2
5
19
4
4
2
2
9
2
6
6
3
3
10
3
26
6
4
1
6
26
3
8
24
1
2
13
5
4
6
1
16
4
7
15
2
13
2
6
6
7
2
2
1
9
6
1
1
2
4
4
6
2
5
7
6
4
11
3
1
5
2
5
9
2
1
2
67
2
4
1
1
3
12
1
2
9
3
6
30
1
47
3
1
2
2
14
13
4
2
3
2
3
2
2
9
3
4
12
12
35
23
8
3
2
3
4
5
4
9
1
18
2
1
2
1
12
6
1
9
11
13
15
28
2
2
1
1
3
2
7
24
24
2
8
2
5
1
2
4
15
12
16
1
2
4
2
4
8
2
3
3
13
2
12
15
1
1
1
1
2
10
8
8
1
2
4
12
6
6
2
4
39
12
3
9
10
2
4
4
2
1
2
1
12
4
18
20
1
8
1
3
10
12
18
2
34
26
2
6
3
3
1
2
6
13
4
9
9
3
6
4
2
7
3
3
2
1
4
2
6
2
1
2
1
5
19
2
4
3
7
4
9
8
8
26
3
18
1
6
5
5
40
16
1
2
4
7
10
6
1
5
4
9
3
15
105
2
6
18
15
15
1
1
10
1
2
1
12
8
10
6
13
12
3
3
3
1
5
15
6
1
4
3
19
5
1
3
2
8
4
2
1
1
7
18
1
9
21
2
2
4
2
9
8
2
2
4
9
1
5
5
6
18
4
2
14
3
7
8
2
3
6
6
4
3
1
20
6
3
6
6
2
5
2
3
2
5
1
1
2
2
9
1
4
7
5
1
2
9
17
11
20
3
6
6
2
1
6
4
7
2
9
2
17
7
1
12
8
2
9
147
6
2
2
1
2
3
6
3
6
2
4
6
4
36
3
2
2
1
5
4
3
3
1
1
1
2
3
2
6
8
2
1
1
2
2
3
8
2
4
17
9
4
6
7
4
10
1
3
2
3
20
3
3
3
6
11
12
2
4
21
30
46
1
4
2
2
4
1
23
26
2
4
9
3
9
4
3
1
1
3
6
2
1
5
2
2
3
28
3
1
3
2
3
20
40
3
4
1
4
3
2
8
15
2
1
6
6
13
10
3
19
2
4
4
12
49
6
30
1
4
5
2
1
6
1
2
4
4
1
7
25
6
1
6
4
4
1
9
1
8
3
1
4
1
2
1
1
4
2
29
3
61
2
6
1
2
15
1
2
2
3
4
1
1
10
1
4
10
3
5
5
6
1
28
21
1
7
1
4
2
12
3
1
4
15
19
22
1
15
13
1
16
1
2
9
9
2
7
3
4
1
8
22
1
4
19
2
6
3
8
4
5
2
3
2
2
15
5
31
12
1
27
1
21
7
45
4
14
22
6
13
6
2
7
2
9
3
1
3
8
6
6
12
3
13
1
1
10
12
12
1
2
2
3
2
2
2
4
3
12
1
3
1
7
33
3
1
26
17
12
6
10
22
12
4
2
10
35
3
1
1
6
4
6
3
2
15
34
5
7
1
1
1
51
8
9
8
3
1
4
6
9
4
2
3
3
1
3
6
147
4
2
1
1
3
14
1
2
9
12
1
15
20
2
6
4
4
1
14
4
4
2
7
2
3
1
15
2
6
2
35
19
3
6
2
231
3
15
1
6
1
5
4
6
3
1
4
2
2
2
20
22
6
1
1
1
2
3
3
3
3
2
18
21
5
1
5
3
2
1
2
3
2
9
1
19
5
12
4
9
6
6
2
2
2
2
14
2
2
2
2
1
4
4
5
4
6
1
1
1
4
2
2
6
4
4
7
3
2
1
7
7
9
1
7
6
4
4
4
2
3
2
13
12
2
4
3
2
10
2
10
1
2
3
18
11
4
2
20
2
2
20
5
2
4
6
2
2
11
72
7
16
1
6
9
11
2
53
15
3
22
2
4
1
3
8
20
2
10
35
11
2
1
3
2
13
4
1
12
6
3
1
6
1
4
17
3
6
5
7
14
7
4
4
4
7
10
6
2
4
25
6
11
3
3
41
1
4
2
42
1
1
2
2
5
5
1
5
10
12
2
15
5
2
20
9
6
6
Solution: 7361